DOY	2011	2012	2013	2014
91	11.0703	1.89386	6.51283	15.2454
92	25.476	4.23366	9.62186	29.3736
93	89.4015	12.7669	19.3207	33.7413
94	149.714	22.038	38.5128	51.9992
95	177.461	32.5602	48.594	72.362
96	207.784	43.9428	69.4975	82.6802
97	213.655	47.0815	71.3123	84.4008
98	220.957	67.1856	103.887	85.2986
99	254.426	68.9796	102.709	100.295
100	279.726	96.3548	143.487	114.059
101	293.806	114.588	169.299	141.565
102	310.289	151.044	217.262	215.549
103	314.903	203.22	286.912	257.266
104	365.373	235.046	326.689	305.793
105	421.446	224.904	304.532	333.537
106	460.013	221.597	291.776	362.75
107	481.166	228.704	299.789	420.357
108	467.69	209.678	267.611	453.08
109	454.968	217.369	272.518	517.738
110	437.675	254.208	323.012	556.704
111	450.392	252.008	319.049	577.884
112	488.539	267.048	336.31	588.154
113	502.418	306.439	386.194	566.883
114	571.159	308.533	386.475	576.056
115	683.75	326.086	407.115	602.135
116	725.736	420.02	535.458	632.794
117	738.593	439.03	551.529	629.068
118	738.702	465.419	579.618	626.235
119	715.631	479.233	589.538	589.754
120	695.785	520.88	641.607	585.125
121	657.964	503.499	608.34	580.096
122	610.5	496.712	590.656	589.983
123	578.837	495.922	582.412	594.55
124	581.008	496.927	577.617	617.152
125	613.227	506.049	594.127	608.976
126	614.744	470.542	539.486	599.521
127	643.869	513.077	592.799	587.351
128	711.954	577.532	678.98	598.711
129	767.958	661.209	789.223	632.954
130	751.216	684.76	807.093	620.013
131	744.586	743.731	878.566	656.337
132	687.289	723.124	836.147	702.688
133	671.546	728.095	834.745	696.224
134	722.17	744.133	846.325	686.2
135	827.505	810.992	924.73	720.863
136	938.76	925.567	1068.12	752.14
137	936.743	979.415	1123.56	859.457
138	886.821	1071.64	1240.13	970.978
139	872.436	1113.97	1281.5	1156.5
140	881.195	1147.19	1307.44	1259.24
141	948.189	1151.52	1294.08	1353.06
142	1007.25	1128.79	1242.28	1460.44
143	1150.15	1159.53	1269.66	1420.27
144	1219.69	1270.09	1401.95	1430.09
145	1247.92	1352.88	1489.93	1386.23
146	1259.67	1385.53	1510.61	1319.75
147	1251.06	1484.26	1625.36	1269.95
148	1239.56	1482.43	1602.16	1277.99
149	1277.75	1431.61	1515.14	1388.17
150	1317.41	1401.32	1461.64	1495.28
151	1389.23	1395.44	1443.3	1523.73
152	1428.74	1368.57	1399.38	1486.67
153	1446.14	1388.79	1423.5	1534.55
154	1482.8	1418.49	1458.3	1667.18
155	1538.8	1449.44	1492.49	1844.1
156	1532.14	1434.64	1464.43	1967.89
157	1616.59	1434.58	1458.34	2047.96
158	1781.89	1436.88	1454.69	2120.07
159	1982.66	1426.59	1438.55	2106.45
160	2140.16	1436.2	1447.85	2095.43
161	2214.57	1477.94	1497.05	2097.64
162	2167.8	1538.63	1575.46	2142.01
163	2057.7	1582.63	1629.88	2174.46
164	1964.68	1605.23	1649.43	2063.42
165	1949.82	1617.44	1653.87	1989.76
166	1936.05	1665.08	1711.55	1948.09
167	1859.58	1737.76	1801.16	1847.37
168	1778.31	1794.59	1869.65	1780.19
169	1776.41	1856.14	1938.01	1732.38
170	1784.29	1840.96	1904.07	1661.14
171	1794.74	1800	1831.11	1561.14
172	1792.21	1730.49	1727.88	1513.27
173	1812.72	1678.95	1652.06	1542.51
174	1869.75	1726.43	1717.21	1576.74
175	1896.54	1815.57	1832.45	1526.84
176	1898.92	1873.63	1912.13	1474.21
177	1873.31	1875.81	1909.11	1415.1
178	1905.8	1798.82	1787.86	1383.66
179	2005.16	1692.42	1640.97	1377.1
180	2129.04	1685.55	1634.67	1463.27
181	2283	1719.15	1680.67	1589.92
182	2266.66	1731.46	1696.05	1719.03
183	2214.23	1803.37	1788.7	1810.11
184	2156.92	1800.08	1782.8	1792.68
185	2151.69	1776.99	1745.07	1776.66
186	2202.1	1853.6	1845.22	1821.57
187	2207.58	1952.19	1970.6	1936.52
188	2227.22	1928.22	1928.51	2111.22
189	2307.59	1972.27	1980.46	2211.92
190	2437.92	2014.13	2026.48	2257.59
191	2495.73	2097.72	2127.07	2317.93
192	2570.59	2165.59	2205.05	2433.88
193	2569.16	2188.67	2230.31	2549.09
194	2502.59	2190.77	2217.1	2624.79
195	2459.36	2112.03	2100.11	2729.29
196	2423.27	2008.62	1955.17	2747.38
197	2436.43	1979.4	1913.84	2699.9
198	2410.17	1975.29	1908.24	2667.14
199	2403	1993.98	1932.02	2674.24
200	2466.66	2053.62	2014.18	2739.31
201	2528.99	2108.33	2090.94	2786.36
202	2583.7	2104.27	2079.73	2844.77
203	2613.35	2155.61	2145.83	2896.93
204	2591.22	2244.53	2258.02	2908.91
205	2560.9	2234.81	2239.27	2932.02
206	2574.67	2248.29	2254.88	2948.97
207	2615.23	2300.47	2315.51	2946.62
208	2622.28	2315.4	2322.28	2956.38
209	2575.34	2319.82	2317.7	2964.3
210	2543.76	2338.79	2331.16	2877
211	2509.17	2348.69	2333.32	2770
212	2459.82	2323.42	2294.21	2729.63
213	2463.67	2230.98	2164.85	2768.56
214	2460.02	2140.19	2040.38	2787.21
215	2415.49	2086.28	1965.69	2836.23
216	2321.55	2100.52	1990.02	2911.92
217	2261.37	2112.96	2017.22	3001.83
218	2198.3	2141.44	2052.8	3083.36
219	2116.51	2200.1	2134.55	3142.39
220	2028.69	2205.13	2140.6	3154.96
221	1962.3	2220.05	2158.11	3115.96
222	1873.74	2243.18	2190.08	3056.94
223	1819	2301.99	2264.79	2986.96
224	1816.86	2219.24	2144.79	2881.07
225	1877.45	2121.19	2012.92	2756.34
226	1933.59	2084.89	1967.14	2651.62
227	1953.44	2069.63	1955.32	2582.42
228	1960.67	2029.57	1908.54	2515.02
229	1975.16	1960.72	1822.91	2419.11
230	1940.63	1913.05	1764.02	2320.42
231	1916.67	1909.27	1771.21	2250.6
232	1922.69	1928.19	1805.96	2189.51
233	1945.51	1959.47	1857.86	2181.75
234	1972.49	1986.52	1901.98	2167.83
235	1993.31	1951.81	1857.35	2146.24
236	1986.18	1916.25	1813.14	2107.27
237	1993.25	1881.71	1772.11	2037.45
238	2011.93	1845.96	1732.77	1986.29
239	2028.87	1842.95	1737.68	1987.33
240	2020.31	1837.24	1738.58	1985.28
241	1961.85	1866.6	1783.94	2004.29
242	1921.52	1869.07	1790.69	2025.81
243	1866.22	1828.47	1740.63	2048.45
244	1807.35	1767.91	1664.44	2039.81
245	1775.49	1712.55	1597.12	2000.1
246	1760.19	1634.05	1503.85	1994.41
247	1766.36	1601.62	1471.17	1988.22
248	1817	1568.5	1439.43	2015.02
249	1849.46	1567.65	1451.68	2020.05
250	1882.41	1572.4	1470.73	2035.15
251	1882.84	1567.88	1473.75	2020.81
252	1892.53	1567.14	1480.86	2005.44
253	1880.34	1556.57	1475.68	1963.05
254	1865.29	1555.33	1480.22	1917.19
255	1837.8	1542.22	1466.54	1919.21
256	1809.72	1524.66	1447.78	1923.48
257	1767.23	1495.7	1414.46	1859.55
258	1727.3	1451.55	1361.32	1786.79
259	1656.84	1414.58	1318.61	1743.6
260	1591.61	1376.53	1275.53	1623.76
261	1541.18	1319.81	1208.83	1487.22
262	1473.47	1263.66	1141.89	1375.44
263	1430.73	1203.46	1074.53	1281.66
264	1376.03	1147.91	1015.2	1197.82
265	1296.94	1126.32	1005.01	1164.1
266	1252.38	1087.62	968.861	1164.88
267	1236.51	1070.89	962.845	1156.39
268	1244.67	1074.79	983.144	1127.84
269	1231.9	1088.65	1013.56	1077.03
270	1221.43	1119.54	1062.51	1045.26
271	1192.78	1137.58	1092.59	1041.46
272	1191.72	1165.37	1132.93	1018.49
273	1172.46	1157.5	1124.67	1009.95
274	1140.11	1124.17	1083.53	991.236
275	1103.74	1098.96	1055.17	987.234
276	1074.01	1073.99	1027.64	948.97
277	1048.43	1039.46	989.049	901.594
278	1019.63	1001.61	947.094	840.752
279	994.011	969.638	912.954	773.278
280	956.881	941.718	884.418	726.741
281	885.367	898.916	837.301	672.159
282	839.084	849.604	782.855	615.063
283	822.042	791.797	720.674	564.293
284	791.074	730.518	651.327	523.777
285	739.501	672.023	585.339	472.241
286	676.567	637.268	552.533	426.914
287	643.363	579.813	489.566	390.239
288	657.183	526.845	432.618	352.085
289	667.126	477.36	379.811	317.351
