time	A_running	A_p_meas	A_p_pred	B_running	B_p_meas	B_p_pred	C_running	C_p_meas	C_p_pred
00:00:00	20195	NA	-0.5817	18058	0.0000	-0.6526	16284	NA	-0.6055
00:08:08	20196	-4.4605	-3.0054	18059	-1.9956	-2.0349	16285	-1.6455	-1.9257
00:16:16	20197	-2.6341	-3.0167	18060	1.0639	-2.0135	16286	0.2626	-1.9052
00:24:24	20198	-5.6589	-3.0024	18061	-3.8366	-2.0158	16287	2.1366	-1.7041
00:32:32	20199	-3.3091	-2.9797	18062	-2.1624	-2.0107	16288	1.0045	-1.6504
00:40:40	20200	-2.7416	-2.9937	18063	-4.6796	-2.0056	16289	3.2028	-1.2580
00:48:48	20201	-5.9027	-3.0060	18064	-1.8992	-1.9931	16290	1.0122	-0.9588
00:56:56	20202	-5.1995	-3.0153	18065	-5.9080	-1.9773	16291	2.3310	-0.6595
01:05:04	20203	-4.6978	-2.9995	18066	-5.0720	-1.9748	16292	0.8083	-0.2009
01:13:12	20204	-2.0902	-3.0008	18067	-3.2087	-1.9575	16293	3.6915	-0.0470
01:21:20	20205	-4.6450	-3.0022	18068	-3.0882	-1.9620	16294	4.2872	0.2736
01:29:28	20206	-4.3565	-3.0077	18069	-3.1123	-1.9699	16295	4.7965	0.5654
01:37:36	20207	-2.8556	-3.0229	18070	-3.6733	-1.9792	16296	4.6291	0.8900
01:45:44	20208	-4.4458	-3.0204	18071	-2.4232	-1.9785	16297	6.0490	1.5199
01:53:52	20209	-5.9567	-3.0324	18072	-4.6109	-1.9901	16298	4.3812	2.2163
02:02:00	20210	-6.8356	-3.0021	18073	-2.0437	-1.9864	16299	5.8058	2.7604
02:10:08	20211	-2.5231	-3.0010	18074	-0.8406	-1.9993	16300	6.0413	3.6480
02:18:16	20212	-2.6506	-3.0012	18075	-3.5881	-1.9962	16301	4.2232	4.6164
02:26:24	20213	-2.5296	-3.0123	18076	-1.6455	-1.9847	16302	7.6557	5.7116
02:34:32	20214	-3.4472	-3.0032	18077	-2.1747	-1.9850	16303	7.0271	6.7346
02:42:40	20215	-1.8828	-2.9876	18078	-3.7797	-1.9850	16304	8.8529	7.6546
02:50:48	20216	0.7273	-2.9855	18079	1.3699	-1.9927	16305	10.8249	8.5957
02:58:56	20217	-0.6744	-2.9792	18080	-1.9633	-1.9760	16306	10.3773	9.9206
03:07:04	20218	-3.0577	-2.9751	18081	-2.2400	-1.9630	16307	11.8518	10.9753
03:15:12	20219	-3.2010	-2.7453	18082	-1.1925	-1.9451	16308	11.1839	12.5309
03:23:20	20220	-2.1166	-1.9932	18083	1.4680	-1.9356	16309	13.6576	14.4703
03:31:28	20221	-1.0844	-1.2255	18084	0.5698	-1.9322	16310	17.6229	15.8989
03:39:36	20222	-1.6772	-0.5363	18085	-0.5381	-1.9219	16311	20.1284	17.2298
03:47:44	20223	-0.0693	0.0962	18086	-1.6842	-1.9143	16312	19.4164	18.4743
03:55:52	20224	1.4463	1.2502	18087	-2.6194	-1.8890	16313	17.6170	18.7219
04:04:00	20225	-1.3623	2.0736	18088	-3.3773	-1.9166	16314	21.2680	17.8702
04:12:08	20226	6.6223	4.0960	18089	-3.4648	-1.9195	16315	20.2136	29.0933
04:20:16	20227	5.2213	5.4865	18090	-2.3163	-1.9159	16316	19.4446	17.5406
04:28:24	20228	2.7581	4.1996	18091	-0.3860	-1.8481	16317	18.0805	18.1890
04:36:32	20229	4.7190	4.8120	18092	-2.0949	-1.8128	16318	18.9670	19.1685
04:44:40	20230	3.7356	5.9981	18093	-2.2570	-1.8066	16319	24.0308	20.1949
04:52:48	20231	5.2894	8.1865	18094	2.0772	-1.4636	16320	28.2869	21.0249
05:00:56	20232	4.4176	9.4635	18095	-0.5739	-0.6520	16321	30.4258	43.4318
05:09:04	20233	6.6206	11.6046	18096	0.3901	1.4333	16322	35.7992	34.9372
05:17:12	20234	9.6841	12.7716	18097	-0.9846	0.6089	16323	38.8986	31.6548
05:25:20	20235	12.9227	14.9155	18098	2.1495	0.6100	16324	37.5962	26.8414
05:33:28	20236	11.2362	16.8051	18099	-0.7326	0.0243	16325	34.9897	31.4006
05:41:36	20237	16.3053	16.9403	18100	2.3557	1.8813	16326	32.2821	35.7290
05:49:44	20238	12.8205	18.1530	18101	0.1821	0.7116	16327	27.5256	40.6253
05:57:52	20239	13.5378	19.6176	18102	2.0514	0.8967	16328	25.6328	53.3253
06:06:00	20240	23.2900	22.6984	18103	4.2191	3.1077	16329	29.4865	53.1577
06:14:08	20241	37.3695	24.1505	18104	2.5560	4.3048	16330	36.0530	65.1181
06:22:16	20242	37.9968	24.6449	18105	2.3175	5.5880	16331	42.3193	65.5083
06:30:24	20243	41.0622	48.4687	18106	3.4601	5.8706	16332	46.0361	66.3379
06:38:32	20244	42.6976	50.6437	18107	1.8863	5.5506	16333	49.8457	65.5669
06:46:40	20245	44.5017	49.8822	18108	2.6406	3.9669	16334	56.5644	65.8237
06:54:48	20246	47.6064	58.6576	18109	2.1953	2.4720	16335	62.2738	68.6840
07:02:56	20247	44.3836	45.5040	18110	6.1964	5.5049	16336	57.8515	66.1538
07:11:04	20248	44.0711	46.1985	18111	5.9473	7.3075	16337	59.4858	67.1579
07:19:12	20249	51.6333	54.1894	18112	7.6145	7.0660	16338	57.2394	69.1813
07:27:20	20250	57.1330	65.0554	18113	9.4738	9.1126	16339	60.3088	71.8999
07:35:28	20251	55.2773	61.0445	18114	6.6576	12.3811	16340	65.7362	71.3207
07:43:36	20252	32.6487	36.5513	18115	7.6398	11.0797	16341	66.0329	71.4916
07:51:44	20253	31.1824	35.1708	18116	5.8475	10.8348	16342	69.6481	73.7545
07:59:52	20254	55.6803	72.6460	18117	6.6300	8.5014	16343	68.5672	72.8797
08:08:00	20255	58.1405	71.2577	18118	3.7885	6.3563	16344	70.3730	75.8546
08:16:08	20256	63.4152	67.5890	18119	5.9532	6.7771	16345	68.6905	76.0670
08:24:16	20257	65.8332	69.5216	18120	7.4935	7.7159	16346	72.7498	76.1218
08:32:24	20258	63.7013	68.9260	18121	5.1549	8.5950	16347	74.3441	77.1099
08:40:32	20259	66.7326	67.1691	18122	5.9473	9.9562	16348	72.4966	77.4052
08:48:40	20260	58.5294	63.6298	18123	10.7862	12.7809	16349	74.4951	76.1098
08:56:48	20261	59.2291	60.4947	18124	16.8346	18.8097	16350	73.1869	75.6913
09:04:56	20262	70.1221	75.5230	18125	19.8188	23.5572	16351	75.5960	76.1618
09:13:04	20263	53.4697	52.6506	18126	17.2663	17.4733	16352	75.4985	77.3829
09:21:12	20264	66.7972	69.7119	18127	14.3767	20.4903	16353	71.2489	76.4022
09:29:20	20265	69.6099	73.4504	18128	18.7690	24.2407	16354	75.1190	76.4401
09:37:28	20266	65.3344	61.0273	18129	21.2263	27.3284	16355	77.3495	74.7328
09:45:36	20267	45.1173	51.3248	18130	24.5713	25.7339	16356	71.6125	75.9697
09:53:44	20268	67.1209	80.8044	18131	14.3696	19.6143	16357	75.9837	77.1114
10:01:52	20269	72.4749	78.3613	18132	16.1014	20.4780	16358	79.3903	77.9986
10:10:00	20270	48.2208	55.6202	18133	18.1099	19.6890	16359	77.6374	74.1637
10:18:08	20271	33.6274	42.6913	18134	19.7442	22.6804	16360	76.6798	75.9994
10:26:16	20272	69.0571	80.3566	18135	16.0086	19.7256	16361	79.6512	77.2959
10:34:24	20273	35.8932	45.0601	18136	16.9409	21.7579	16362	80.1487	74.9605
10:42:32	20274	67.8475	86.2880	18137	21.9765	25.2465	16363	76.2375	71.9084
10:50:40	20275	69.4795	80.4674	18138	18.0147	23.2645	16364	79.4996	76.7234
10:58:48	20276	64.4468	73.1297	18139	11.9981	16.8155	16365	75.8380	73.7598
11:06:56	20277	62.9071	70.9753	18140	16.5872	20.2239	16366	80.3156	73.8832
11:15:04	20278	78.0527	66.5955	18141	18.3044	22.4317	16367	80.3596	73.9811
11:23:12	20279	63.9157	71.3137	18142	17.5313	22.8275	16368	77.6826	73.0826
11:31:20	20280	48.4317	53.3406	18143	20.2265	27.0424	16369	76.2539	73.1700
11:39:28	20281	57.7722	65.5667	18144	17.5777	21.7999	16370	77.9652	72.1251
11:47:36	20282	64.5284	77.1522	18145	16.6019	21.7888	16371	77.1357	73.2052
11:55:44	20283	71.2136	79.2561	18146	23.9826	27.5247	16372	77.9035	71.1056
12:03:52	20284	57.4197	60.6675	18147	27.8234	30.8801	16373	77.3730	71.4820
12:12:00	20285	38.1596	46.6335	18148	19.8681	24.0228	16374	77.1792	67.9531
12:20:08	20286	33.0200	37.5479	18149	25.2574	30.4055	16375	76.7192	69.0548
12:28:16	20287	53.4115	75.2911	18150	37.8277	40.1418	16376	72.2140	66.7251
12:36:24	20288	38.9609	51.6135	18151	35.3263	44.3263	16377	74.3835	66.7583
12:44:32	20289	25.9236	35.9378	18152	39.3186	46.7658	16378	70.7854	66.5400
12:52:40	20290	31.3857	38.9504	18153	52.0481	58.3432	16379	74.0968	67.2034
13:00:48	20291	33.8694	40.7930	18154	53.5660	67.5221	16380	72.9437	66.9756
13:08:56	20292	43.6558	56.9303	18155	49.3517	60.7686	16381	72.9378	67.4695
13:17:04	20293	40.7232	58.2197	18156	41.6261	47.9715	16382	70.1979	65.7275
13:25:12	20294	36.3643	51.8182	18157	43.0172	46.6391	16383	72.8843	65.7446
13:33:20	20295	33.8524	44.9422	18158	55.5199	61.7413	16384	67.5632	67.9090
13:41:28	20296	42.9479	56.8990	18159	45.3964	48.9460	16385	71.2700	66.5828
13:49:36	20297	46.4403	65.5969	18160	40.0347	43.6657	16386	72.0349	66.1045
13:57:44	20298	49.9221	86.4848	18161	39.0736	44.2239	16387	68.8468	66.1066
14:05:52	20299	33.7431	44.5195	18162	28.8297	35.6483	16388	66.4553	66.1702
14:14:00	20300	28.6728	36.8928	18163	29.8219	40.4017	16389	70.7325	63.7116
14:22:08	20301	26.6479	35.7540	18164	39.3697	50.0104	16390	66.7954	64.0915
14:30:16	20302	22.6809	31.7032	18165	42.5543	49.7025	16391	70.6544	64.9166
14:38:24	20303	23.2113	31.3711	18166	34.6601	41.7341	16392	70.1257	62.8992
14:46:32	20304	21.0049	28.4928	18167	26.1832	34.5613	16393	67.0997	65.1390
14:54:40	20305	9.3857	15.5021	18168	26.9463	30.2106	16394	63.4381	63.2083
15:02:48	20306	22.5886	33.1027	18169	25.5235	34.5385	16395	68.8568	64.7892
15:10:56	20307	15.7307	21.5461	18170	28.1459	34.3741	16396	70.1962	63.0819
15:19:04	20308	15.2790	25.7405	18171	28.8667	30.7548	16397	66.7790	62.3893
15:27:12	20309	13.1577	20.3782	18172	26.8893	31.5227	16398	67.3464	61.9679
15:35:20	20310	10.2833	15.6127	18173	26.5615	31.4897	16399	67.6419	62.8670
15:43:28	20311	17.7809	31.2458	18174	28.4719	32.6314	16400	61.7962	63.3423
15:51:36	20312	29.6157	47.2860	18175	22.7866	27.6212	16401	62.9500	62.0046
15:59:44	20313	33.3707	47.7460	18176	23.0844	25.4189	16402	65.6364	61.0361
16:07:52	20314	36.4936	52.3130	18177	21.7991	22.3219	16403	63.1609	60.1372
16:16:00	20315	37.0276	49.3100	18178	25.2298	27.4477	16404	63.3077	58.2573
16:24:08	20316	35.8104	53.4672	18179	21.9342	24.2904	16405	57.8773	57.9741
16:32:16	20317	31.9256	44.2529	18180	17.8027	18.9390	16406	65.1317	57.0257
16:40:24	20318	36.8372	48.4072	18181	20.2970	21.4197	16407	61.0830	56.8721
16:48:32	20319	22.6186	37.0049	18182	21.9924	21.3715	16408	30.9845	31.4524
16:56:40	20320	18.5904	28.5061	18183	15.5551	17.0895	16409	60.2536	56.9318
17:04:48	20321	16.8422	24.9538	18184	19.2760	18.7857	16410	62.4730	53.1477
17:12:56	20322	13.0085	20.2003	18185	19.1274	21.6887	16411	60.7958	52.6523
17:21:04	20323	12.7905	15.9002	18186	19.0240	21.8097	16412	59.4123	52.1638
17:29:12	20324	10.9254	17.6233	18187	21.4360	24.2965	16413	55.2908	52.1076
17:37:20	20325	16.3617	19.7334	18188	15.4012	22.0252	16414	50.4572	50.0387
17:45:28	20326	25.5353	36.5283	18189	13.5378	19.0782	16415	54.4801	48.1905
17:53:36	20327	41.5838	61.4559	18190	19.9116	20.8028	16416	52.0833	48.9078
18:01:44	20328	50.6247	62.7399	18191	15.2061	16.3971	16417	49.0568	47.2136
18:09:52	20329	44.4776	55.9322	18192	14.2016	15.9328	16418	43.7826	50.7708
18:18:00	20330	39.5595	43.0762	18193	17.1400	17.9865	16419	46.0737	47.4259
18:26:08	20331	35.7481	39.8192	18194	14.3714	13.3395	16420	46.4931	43.1427
18:34:16	20332	33.3513	32.0797	18195	13.7927	15.0346	16421	21.7262	23.5083
18:42:24	20333	29.1645	29.5594	18196	12.8111	11.7025	16422	42.9068	41.8684
18:50:32	20334	23.2707	26.5135	18197	5.9415	7.5808	16423	27.7594	26.9317
18:58:40	20335	20.5596	23.0645	18198	10.1047	11.0968	16424	25.9295	29.9229
19:06:48	20336	22.7337	24.3792	18199	11.6585	16.1706	16425	17.6070	17.0534
19:14:56	20337	28.8843	36.4322	18200	12.8135	12.7907	16426	15.8694	14.7112
19:23:04	20338	30.2343	37.2737	18201	10.6851	14.5422	16427	8.3770	11.7355
19:31:12	20339	27.1390	29.4798	18202	17.3527	19.7870	16428	7.3478	9.1589
19:39:20	20340	25.3414	27.3581	18203	28.1148	43.5367	16429	5.1361	5.7734
19:47:28	20341	27.1044	28.2875	18204	18.9112	20.3860	16430	4.6867	5.8238
19:55:36	20342	19.8893	15.5663	18205	16.1654	14.4803	16431	4.8053	6.2173
20:03:44	20343	14.4107	11.8062	18206	18.6639	14.7851	16432	6.6176	5.3461
20:11:52	20344	13.5155	9.6465	18207	17.1994	13.1951	16433	4.4441	4.6644
20:20:00	20345	12.7142	8.2910	18208	23.0780	14.2313	16434	2.6059	2.5128
20:28:08	20346	10.9542	6.4114	18209	17.1071	14.3377	16435	1.3782	3.4033
20:36:16	20347	8.4998	8.0501	18210	16.4885	11.1256	16436	4.6990	2.7026
20:44:24	20348	7.7520	6.2325	18211	20.6054	14.6411	16437	0.7155	3.4050
20:52:32	20349	3.6851	3.2105	18212	9.3346	9.2153	16438	0.8312	2.0244
21:00:40	20350	4.6168	1.9280	18213	2.8386	3.6997	16439	4.1897	1.3086
21:08:48	20351	2.7034	0.4265	18214	1.4234	1.7392	16440	0.8359	0.8525
21:16:56	20352	-1.5661	-1.3447	18215	8.5104	3.7832	16441	-1.3135	-0.2139
21:25:04	20353	0.7531	-2.5739	18216	6.3339	3.2760	16442	-1.4516	-1.0322
21:33:12	20354	0.2373	-2.8842	18217	2.9273	3.5995	16443	0.0875	-1.3965
21:41:20	20355	0.0869	-2.8639	18218	4.3483	1.7425	16444	-1.9045	-1.9199
21:49:28	20356	-1.7729	-2.8717	18219	1.3605	-0.3288	16445	0.5651	-2.2380
21:57:36	20357	-3.3702	-2.8547	18220	1.5409	-1.1539	16446	-3.8572	-2.5138
22:05:44	20358	-4.3542	-2.8373	18221	1.2008	-1.4756	16447	-3.1299	-2.4589
22:13:52	20359	0.2091	-2.8461	18222	1.6143	-1.2939	16448	-1.8311	-2.4185
22:22:00	20360	-3.3226	-2.8150	18223	0.4882	-1.4663	16449	-2.8838	-2.3936
22:30:08	20361	-2.5437	-2.7984	18224	1.5926	-1.4740	16450	-1.8763	-2.3869
22:38:16	20362	-3.9177	-2.8054	18225	1.4833	-1.4986	16451	0.6621	-2.3789
22:46:24	20363	-5.1931	-2.7961	18226	0.6844	-1.5042	16452	-4.0405	-2.3703
22:54:32	20364	-2.4608	-2.7437	18227	-0.1175	-1.4899	16453	-6.2822	-2.3591
23:02:40	20365	-5.0392	-2.6971	18228	-1.9844	-1.4774	16454	-4.9076	-2.3560
23:10:48	20366	-4.1292	-2.6729	18229	-1.1038	-1.4704	16455	-1.2037	-2.3331
23:18:56	20367	-6.8015	-2.6447	18230	-2.5078	-1.4653	16456	-5.2800	-2.3131
23:27:04	20368	-4.0581	-2.6046	18231	-3.9477	-1.4652	16457	0.0000	-0.6015
23:35:12	20369	-7.8577	-2.5738	18232	0.2555	-1.4617	16458	0.0000	-0.6015
23:43:20	20370	-5.0879	-2.5704	18233	-3.1934	-1.4605	16459	0.0000	-0.6015
23:51:28	20371	-4.4887	-2.5675	18234	-2.5677	-1.4854	16460	0.0000	-0.6015
23:59:36	20372	NA	-0.5784	18235	-3.6234	-1.4944	16266	-2.9549	1.7123
